(1, 1.378499237735819, 0.28806314918690334)
(2, 1.9151573365820413, 0.6034855713782747)
(3, 2.318928637755112, 1.3958984066879423)
(4, 2.4053689344757383, 3.6746817383614365)
(5, 2.691443634257376, 3.7219895991415606)
(6, 3.599974588969685, 7.0574949454833575)
(7, 4.2949182798605205, 17.970246675757338)
(8, 5.310804843533685, 7.197741873234505)
(9, 5.91902100033058, 8.435369544957249)
(10, 6.1561882291894525, 4.869330792134827)
(11, 6.407793112040085, 0.5346567093716462)
(12, 6.563319150965861, 0.2185739508363068)
(13, 7.142722800102662, 0.09879859021502355)
(14, 7.174754667757518, 0.03487812854156904)
(15, 8.60650737634162, 0.011678604113434238)
(16, 8.778640077129035, 0.0036572584127112662)
(17, 8.934524746195809, 0.001197140089879959)
(18, 9.258242773004156, 0.00022733591985196216)
(19, 9.626258029478699, 2.942022497197518e-06)
(20, 9.912684031767402, 8.986911941111162e-06)
(21, 10.275068515331569, 1.8863536582205734e-06)
(22, 12.686915808174582, 4.4527575085348465e-07)
(23, 12.920762303710001, 1.536600023158094e-08)
(24, 13.223616759526305, 6.134357619463881e-09)
(25, 13.243526624233558, 1.1564488955640582e-08)
(26, 13.404018265168714, 1.2462033958714968e-08)
(27, 13.55100646224508, 1.6415538991330987e-08)
(28, 13.683053236307037, 9.292408143930956e-09)
(29, 13.736349992665298, 3.9967697822278076e-08)
(30, 14.07705817783775, 3.19226144949917e-08)
(31, 14.208269110480762, 8.364088451445657e-08)
(32, 14.826380650958562, 1.2355944939581721e-07)
(33, 14.94365284536678, 5.5865158563997836e-08)
(34, 15.967345788251961, 7.635992901191145e-08)
(35, 16.165627733448666, 2.0734662890678267e-09)
(36, 16.380315295907163, 5.077823910017665e-09)
(37, 16.69878018188822, 1.8277836784437274e-09)
(38, 16.708549341010364, 2.436516007100717e-09)
(39, 17.392573091874244, 4.704211101958033e-09)
(40, 18.603508579322593, 4.38764340890194e-09)
(41, 18.606736566668683, 8.292873287091414e-09)
(42, 18.959100258997356, 1.9386175900091402e-09)
(43, 19.22044605841225, 2.4093219188383576e-09)
(44, 19.445533374665267, 9.034313268975389e-10)
(45, 21.485848268776618, 2.869726165912265e-09)
(46, 22.285971623237824, 1.5431611492424556e-09)
(47, 23.236895427277517, 7.373254616331143e-09)
(48, 23.521923900565167, 4.17638384374209e-09)
(49, 23.645672380070508, 7.199402619767654e-09)
(50, 23.699775849868804, 6.3851142303157416e-09)
(51, 23.86321426535396, 4.213765189523852e-09)
(52, 24.071076225255677, 4.880499507635595e-10)
(53, 24.557521858342927, 4.541646769612142e-10)
(54, 25.681370679237975, 2.6616546132457095e-10)
(55, 26.248961555166893, 3.2744316512620087e-10)
(56, 26.351971014217185, 1.8613224973834769e-09)
(57, 26.401685422617234, 3.840592503439671e-10)
(58, 26.498961145521324, 9.531482928321229e-10)
(59, 26.59868944511587, 3.5188981791071417e-10)
(60, 27.936216564298576, 4.231915480024785e-11)
(61, 29.688168307555827, 8.915206124150588e-11)
(62, 29.932660402625608, 3.3418062468456147e-10)
(63, 30.27909468184783, 8.780924203492643e-10)
(64, 30.28357226713639, 3.0206485329480393e-10)
(65, 30.406130960007403, 1.624159915056367e-10)
(66, 30.682735722435517, 7.931128508184582e-13)
(67, 30.834495778027456, 2.98445413693531e-12)
(68, 31.23921246625204, 9.891345510098745e-13)
(69, 31.606345252715546, 4.196836883901987e-14)
(70, 31.66395678284479, 5.4908154772448465e-14)
(71, 32.82036684239383, 7.056495781608154e-14)
(72, 33.058446717465216, 7.032231710004231e-14)
(73, 33.32027164374557, 1.4709165902518893e-14)
(74, 35.81887972577969, 1.752016399854658e-15)
(75, 36.23804167407782, 7.521427081035353e-16)
(76, 36.36070965118034, 9.812381580484763e-16)
(77, 36.61566428235017, 2.844235121434874e-16)
(78, 36.9725613896628, 9.55127517577473e-17)
(79, 37.71580737383403, 3.918813992691119e-17)
(80, 38.766749886954976, 3.196013298121483e-18)
(81, 38.989700428941106, 4.195520679388534e-18)
(82, 39.27929576046353, 4.85816525826485e-19)
(83, 39.69137231070903, 4.1666190174047387e-19)
(84, 40.13303802076464, 5.944724821771298e-20)
(85, 40.29677334842376, 3.3816179990416e-21)
(86, 40.39514000407938, 1.3333798034861029e-22)
(87, 40.707971916559465, 2.672756236646462e-23)
(88, 41.09449124898848, 2.1311501358653077e-24)
(89, 41.264098876550364, 1.0115752816386069e-23)
(90, 41.380560178174385, 7.409942656205126e-24)
(91, 41.77901444493738, 1.1020319363811917e-23)
(92, 42.13039380373005, 5.8542810945792666e-24)
(93, 42.2004415558127, 6.64364672550978e-24)
(94, 43.04706893310351, 9.094323400630228e-24)
(95, 44.68018496660092, 5.08794156608337e-24)
(96, 45.29229022939673, 8.153727140370708e-24)
(97, 45.46904667462022, 1.5404130094103825e-24)
(98, 45.51796853129484, 1.1024739483489196e-24)
(99, 45.72139297923772, 1.8190784849567833e-25)
(100, 45.78292213202471, 5.655995088044516e-25)
(101, 45.95989857557207, 1.883047402081411e-26)
(102, 46.224368878958686, 5.392288423072941e-26)
(103, 46.768915032871256, 2.0640306506365668e-26)
(104, 46.91861697380271, 4.423536717139047e-26)
(105, 47.597226862619124, 1.8669274723030325e-26)
(106, 48.670243220938396, 2.1225419729437248e-26)
(107, 48.688509430708464, 3.1180761681627456e-27)
(108, 48.722292025489125, 9.30035785745268e-28)
(109, 49.29176417954371, 4.086083372202944e-29)
(110, 49.81790687060471, 1.1793268655103795e-28)
(111, 49.95305724045031, 2.6648064268870415e-29)
(112, 50.03277406674412, 4.9993669759119184e-29)
(113, 51.440563632243666, 3.050563445186997e-29)
(114, 51.498768939800506, 6.998619158021837e-29)
(115, 51.589770706142126, 3.0378027197550677e-30)
(116, 51.64389833580205, 4.17218650565018e-30)
(117, 51.895918833307235, 1.0237157467330658e-29)
(118, 52.71412087295433, 3.87799779562518e-30)
(119, 52.80755603838045, 7.195892616989604e-30)
(120, 52.838372173564096, 4.115286132186232e-30)
(121, 53.031126254886196, 2.4340694745723124e-30)
(122, 53.109403889162635, 1.014231889057351e-30)
(123, 53.17086077544362, 8.91466109746663e-32)
(124, 53.62170883382262, 6.471167033850805e-32)
(125, 54.02170702539326, 8.986312471873067e-32)
(126, 54.695621085911974, 1.7429788458672248e-31)
(127, 55.14589938661679, 3.192463893048936e-31)
(128, 55.30693827699272, 9.178315951895088e-31)
(129, 55.56446519407379, 8.619286316234731e-31)
(130, 56.68728273773033, 2.125060869166962e-31)
(131, 56.79523460894276, 6.9591441202840405e-31)
(132, 57.01912928167417, 3.0385217561336525e-31)
(133, 57.32671707788369, 5.434848631671217e-31)
(134, 58.69888998754715, 3.393323255914808e-31)
(135, 58.98071531812963, 2.0556879975600916e-31)
(136, 59.56663948123646, 1.1036746499868354e-31)
(137, 59.676445462527646, 1.6572069770940482e-31)
(138, 59.86486974417677, 2.1259135241162447e-31)
(139, 60.012444185659504, 3.373365950909998e-31)
(140, 60.44717142981571, 1.6441997285780757e-31)
(141, 60.51770818605744, 6.786363975182477e-32)
(142, 60.67097339771062, 4.2412834215595727e-32)
(143, 60.95081008468982, 6.0802637143200935e-33)
(144, 61.31065273115108, 3.2504713033757605e-33)
(145, 62.20819732268497, 3.382580727787708e-33)
(146, 62.362498553175705, 2.767584845409734e-33)
(147, 62.406363798787396, 1.4638537977356364e-33)
(148, 62.57895540823007, 4.990452705327701e-34)
(149, 62.82518968559397, 6.978399500521075e-34)
(150, 65.88689581201686, 4.447232459794763e-34)
(151, 66.00681169795044, 2.6525517243986825e-35)
(152, 66.1404249725656, 1.1715635173474259e-35)
(153, 66.80764942216162, 2.3499996437042298e-35)
(154, 67.73287676939863, 1.420059190400277e-35)
(155, 68.04675810894717, 5.078901344592298e-36)
(156, 68.12180522109256, 8.2090970222876e-36)
(157, 68.25225538357618, 1.2474357390436958e-36)
(158, 68.57563275490982, 5.720572239067291e-38)
(159, 68.95916455456188, 3.6140311957119224e-38)
(160, 70.75513608826519, 3.8727381260211923e-39)
(161, 70.76593080304893, 1.2082541064778356e-38)
(162, 70.78548279326053, 1.4983092178229856e-38)
(163, 70.95601992120093, 2.717914366910042e-38)
(164, 71.15092166693468, 2.248532680244933e-39)
(165, 71.34488315752894, 5.738885600955259e-40)
(166, 71.43137609917707, 2.807759242960455e-40)
(167, 72.22123885353174, 1.2029912493442771e-40)
(168, 73.91196557151319, 1.2537298646671288e-41)
(169, 74.34232033034058, 1.1303392829149243e-43)
(170, 74.40841346660108, 3.137625269330782e-45)
(171, 75.6879098953841, 2.667918320685403e-46)
(172, 75.77003873241541, 5.831893914581121e-47)
(173, 75.91377007779586, 8.261953561832238e-48)
(174, 76.0250949840772, 9.939197375471583e-48)
(175, 76.04181675538567, 3.784901092273157e-48)
(176, 76.13581797090927, 1.0651955482136232e-48)
(177, 76.28728745107243, 3.085792313299674e-49)
(178, 76.57944082438476, 4.58436623464697e-49)
(179, 76.67017044491614, 5.271411198232676e-49)
(180, 76.69897317449313, 1.4377912432106098e-48)
(181, 76.82295788147461, 1.0566921058995406e-52)
(182, 76.93123423121341, 4.1530745768628543e-53)
(183, 77.72625582487854, 1.066859720735052e-53)
(184, 77.91815984224363, 1.0595955967590938e-53)
(185, 78.0803844565111, 1.863378583564416e-54)
(186, 78.13392613488661, 5.750271036644657e-56)
(187, 78.26794248666948, 5.177096643168747e-57)
(188, 78.61323256619264, 1.635891543112933e-57)
(189, 79.79356545880404, 8.534019432324226e-58)
(190, 79.8454844937344, 6.77744510796018e-58)
(191, 80.16139740961572, 2.0240484423818966e-59)
(192, 80.33479811093493, 1.2194274240919293e-59)
(193, 82.18075176967167, 1.977392756594328e-59)
(194, 82.75553665198701, 3.903192672514162e-59)
(195, 82.93648528826077, 2.9973441770897056e-59)
(196, 83.6726346016829, 7.2069963832251e-60)
(197, 84.08688909949925, 4.087690091705761e-60)
(198, 84.32500936206736, 1.2038526093043995e-60)
(199, 84.4518844813889, 1.0938437981625249e-60)
(200, 84.54332695984755, 6.990372145562427e-61)
(201, 86.17483916211037, 1.6236007814543116e-61)
(202, 86.30683351307228, 5.9598640776125386e-61)
(203, 86.3436646917807, 3.3840544700962483e-62)
(204, 86.68987509354895, 2.0746484683439053e-62)
(205, 87.14405526746424, 5.956893245998001e-63)
(206, 87.27847968170568, 2.0898097515170182e-63)
(207, 87.35303363569402, 1.4997717707973992e-64)
(208, 87.45341248106584, 1.525500906428237e-64)
(209, 87.63872182257903, 9.504276094683025e-65)
(210, 87.90568299129801, 1.69250992631289e-64)
(211, 88.00481948703465, 3.970749953156596e-64)
(212, 88.43210981418213, 1.6546174891433995e-65)
(213, 88.48343471320233, 2.2239537734390887e-65)
(214, 88.99849057210955, 2.399740454930869e-67)
(215, 89.44186841425866, 1.4350229773501764e-67)
(216, 89.46252434453906, 6.35543580489214e-67)
(217, 89.7163200002452, 3.402915472625264e-67)
(218, 90.32371215063256, 6.1417957331631016e-68)
(219, 90.99440504297752, 9.783373685353839e-68)
(220, 91.04036925316906, 7.950818065321516e-68)
(221, 91.06242000487553, 2.8598301767435654e-67)
(222, 92.30095752491182, 1.8504881908665428e-67)
(223, 92.45516115257426, 3.5662557337533764e-67)
(224, 92.55908142022314, 1.0588592784977547e-66)
(225, 92.82290861240553, 1.0635847399935849e-67)
(226, 92.95848543448218, 3.149045545237335e-67)
(227, 93.07718454663824, 1.3220544097828432e-67)
(228, 93.43437723223563, 2.5893667389517886e-67)
(229, 93.70741321334977, 5.586645317978102e-69)
(230, 93.88801486495785, 3.244221772844567e-70)
(231, 94.04114414750882, 1.8045135609527004e-70)
(232, 94.39146741979657, 7.774048152355627e-71)
(233, 95.71540832914063, 9.107343157491404e-71)
(234, 96.00260916562003, 3.5701306397514235e-73)
(235, 96.27325209394064, 1.0667637499269926e-72)
(236, 96.48680052901018, 2.3112329285341754e-72)
(237, 97.50922898099013, 6.009169667955214e-73)
(238, 97.50935078618296, 1.753127544136706e-73)
(239, 97.52949483392717, 1.1663092138354689e-74)
(240, 97.86696415479913, 2.620900491510877e-76)
(241, 97.88046023139779, 2.2740285550425063e-76)
(242, 98.49317311182911, 4.578884951328343e-76)
(243, 99.44531850471112, 2.5451910720947174e-76)
(244, 100.04726606363344, 3.953510448913945e-76)
(245, 100.34980112450678, 1.4078824378443235e-77)
(246, 100.37055682429197, 3.270365238368179e-79)
(247, 101.56196776655572, 7.748672818163904e-79)
(248, 101.83821991202645, 1.2095429421441554e-78)
(249, 101.96458807565233, 1.1735612458579902e-78)
(250, 102.0779599701033, 1.772843574430826e-79)
(251, 102.2789979058992, 4.651984083771567e-81)
(252, 102.49510744017417, 2.0004691537134338e-81)
(253, 102.83423593611197, 5.0184718640475274e-82)
(254, 103.71523908658148, 1.803180321748712e-83)
(255, 103.77108937715447, 4.073997528381275e-83)
(256, 104.08578550637955, 3.669152585710194e-83)
(257, 104.52562406145806, 2.423359840304804e-85)
(258, 105.27976444218858, 3.812746367824008e-88)
(259, 105.52286345388998, 2.411399084009272e-88)
(260, 105.5315067552209, 1.9000297517193237e-89)
(261, 107.1848308813122, 1.7457594242640045e-89)
(262, 107.45318362845389, 2.5331684063627215e-89)
(263, 107.47721716027965, 2.6635363278351443e-89)
(264, 108.07377515898102, 4.685820992179913e-89)
(265, 108.12803653731694, 2.506473737984332e-89)
(266, 108.37415663438843, 2.7351419562672067e-89)
(267, 108.4612144030797, 2.4749244402836235e-89)
(268, 108.5173540931434, 5.811853082004522e-90)
(269, 109.39745211481475, 6.338306957863136e-90)
(270, 109.82227123774732, 9.555752520470138e-90)
(271, 110.16250308034219, 1.4399341834829856e-89)
(272, 110.25852245376292, 2.022652857781459e-89)
(273, 110.4384494898025, 6.065180765939688e-89)
(274, 110.61408054007663, 4.576580112177456e-90)
(275, 110.91387019819389, 2.787981058167968e-90)
(276, 110.99322835374917, 8.077229902813014e-90)
(277, 111.01783544525712, 2.0298159859975433e-89)
(278, 111.18582118138897, 8.131909556393977e-89)
(279, 111.21126313995579, 6.07228975680933e-89)
(280, 111.37034443065552, 8.809680190886132e-89)
(281, 111.46453578249046, 1.6382342458974425e-88)
(282, 111.6869905634563, 6.309223312169709e-90)
(283, 112.36721746116423, 7.680508049825755e-90)
(284, 112.44911304933376, 1.1338511724051115e-89)
(285, 112.4807239950294, 2.036615686105647e-89)
(286, 112.57936441305262, 1.2072279424665688e-89)
(287, 114.5720962823479, 1.0807784209526801e-89)
(288, 115.67336544783964, 2.903346821322242e-90)
(289, 116.60943519330809, 9.652172160645717e-91)
(290, 116.99269483254538, 1.5155488104074065e-90)
(291, 117.06364979612952, 2.3258721367014025e-93)
(292, 117.12034878928462, 2.745135879884582e-94)
(293, 117.13377036431599, 2.2305570839346986e-94)
(294, 117.40084930628895, 1.4815457676161642e-94)
(295, 117.46329295357005, 1.3216007276947537e-94)
(296, 117.75152153638571, 4.888853971195122e-95)
(297, 118.07818242428222, 7.361576498882948e-96)
(298, 118.60735506824946, 1.8073544961143916e-96)
(299, 118.69439705298929, 4.921017361804027e-96)
(300, 118.71325291787262, 2.1321653941926853e-95)
(301, 119.39776608443502, 2.4705491933793537e-95)
(302, 119.43503118288955, 1.0007874172217459e-95)
(303, 120.29667686173423, 2.3119155168815812e-95)
(304, 120.31642229285325, 1.6942230090828606e-94)
(305, 120.82380552752485, 3.2149377406409194e-95)
(306, 120.82641097622702, 3.7418952458849227e-96)
(307, 120.8669188704426, 7.640457823672882e-96)
(308, 120.9463506969272, 7.778097067005001e-97)
(309, 121.66251540171416, 5.181515986400704e-98)
(310, 123.20069501993484, 2.434349140750164e-98)
(311, 124.1440394368483, 4.509589418545443e-98)
(312, 124.2171734055339, 1.9066844291955983e-98)
(313, 124.90484531928908, 3.2022601535159385e-98)
(314, 125.50078891696029, 3.8758448777784416e-98)
(315, 125.74229942753894, 2.6411878346886185e-98)
(316, 126.47891795247925, 1.9239007733456214e-99)
(317, 126.77026896764599, 1.0082200608483668e-99)
(318, 127.44909833510455, 8.735492348770126e-100)
(319, 127.67479282765643, 1.1011753132029394e-99)
(320, 128.56593729751265, 7.8186922421205e-100)
(321, 128.6301693564115, 7.946120786914595e-100)
(322, 129.68331414560382, 8.642383128669493e-100)
(323, 129.80961798834278, 5.029082541156427e-100)
(324, 130.57881941459362, 6.591532987104479e-100)
(325, 130.97790752416262, 2.086449886288404e-100)
(326, 131.22052520701473, 1.360560332078227e-100)
(327, 132.0089449819091, 2.123331934723868e-101)
(328, 132.61522293833696, 2.7074779109169324e-101)
(329, 132.98718758666269, 1.409003690289093e-101)
(330, 133.16024924138148, 9.39103573652584e-103)
(331, 133.41104371272857, 2.655858209676889e-102)
(332, 133.83419246349055, 8.666154359705268e-102)
(333, 134.1305176507629, 1.990685130968644e-102)
(334, 134.3007040716711, 5.157384508241648e-103)
(335, 134.4020762425322, 8.551504697804111e-104)
(336, 134.40930649964494, 2.0221337507648265e-103)
(337, 134.75578865510218, 4.749300947330786e-103)
(338, 134.9122221656212, 2.173923454988581e-105)
(339, 135.16748893410661, 1.7344798848777874e-106)
(340, 135.2628832394293, 6.38866350541431e-107)
(341, 135.83846702428855, 6.141289299877624e-107)
(342, 136.40784576416914, 6.614514245120979e-107)
(343, 136.48176247838933, 2.219753792886801e-106)
(344, 136.75531299151717, 5.809972097816821e-108)
(345, 137.06029419048915, 3.320096120446435e-107)
(346, 137.60301376607154, 3.025369803060958e-107)
(347, 138.70578780562903, 6.540756807757797e-108)
(348, 138.76000269226554, 3.767827005131734e-109)
(349, 139.44572080099454, 9.344792697419739e-110)
(350, 139.81575255110985, 2.7728942092547684e-110)
(351, 140.69522267018635, 2.0032841046607236e-110)
(352, 141.6539009960512, 7.663801615751019e-111)
(353, 141.76947199335504, 1.0320881931580728e-110)
(354, 142.3903955629714, 9.06849937769801e-111)
(355, 143.1343480471608, 2.1957259266450507e-110)
(356, 143.43534636187601, 8.76347804075103e-111)
(357, 143.5513574168262, 2.0589260173705467e-111)
(358, 144.40786482214142, 2.0671907483328153e-111)
(359, 145.55834133676902, 9.32547473100258e-111)
(360, 146.0793380425243, 2.3151067329170948e-111)
(361, 147.527897107678, 5.848889680062487e-111)
(362, 148.71736948661055, 5.572441830227022e-111)
(363, 149.17400216473246, 1.5947108283300658e-111)
(364, 149.1740511598487, 6.025263641891025e-112)
(365, 149.9551486454163, 2.194751095290922e-115)
(366, 150.39813076173036, 6.928129537799207e-115)
(367, 150.65403270581373, 4.3017214634991226e-116)
(368, 151.0447593469294, 2.6615713302252176e-116)
(369, 152.67600743657422, 1.5686478613534754e-116)
(370, 153.12804445165352, 2.6119783003926924e-118)
(371, 153.72569106396938, 6.878662870739284e-118)
(372, 153.76085018608612, 1.7503365738871088e-119)
(373, 153.80584188416236, 7.715019840939645e-119)
(374, 154.06388357681925, 2.4496486422767554e-119)
(375, 154.25830085833636, 2.059206560540219e-119)
(376, 154.63868191817056, 2.771726126270576e-119)
(377, 155.12406580694704, 2.619289042281457e-119)
(378, 157.03904795216422, 1.5330254260243877e-119)
(379, 158.8547604158395, 1.4365218517169876e-119)
(380, 159.4332923155274, 1.135948749977709e-119)
(381, 159.86649197742327, 2.0204772484928826e-121)
(382, 160.2680838149765, 2.8789553280027552e-121)
(383, 161.02535572140553, 4.5721898422651783e-122)
(384, 161.89731326836758, 2.135283656009459e-122)
(385, 161.9881666213917, 7.451547657800383e-123)
(386, 162.25164206311834, 4.835596411295699e-123)
(387, 162.32224634378505, 2.5608273787141465e-125)
(388, 162.44931885390596, 1.3022719107030368e-125)
(389, 162.49651374370205, 2.8190804001799878e-126)
(390, 162.9260303834729, 3.226851653408388e-126)
(391, 164.25756349933445, 8.863140037808626e-127)
(392, 165.61696950690498, 6.4018709289157225e-127)
(393, 166.27183942858812, 4.587804144633004e-128)
(394, 167.0160856668714, 1.825417181544277e-130)
(395, 167.29777059054732, 8.0229542581211e-131)
(396, 167.74173512688378, 4.616169564881334e-131)
(397, 167.89935421430508, 3.331404917357834e-131)
(398, 168.04218279215283, 2.335764607534226e-131)
(399, 168.0590798002369, 7.260137065393819e-131)
(400, 168.85982753929756, 3.2096717447342617e-131)
(401, 169.48848831564166, 8.279362186954683e-132)
(402, 169.59639921326948, 1.0104772856877636e-131)
(403, 169.6096887878798, 1.0417443081586117e-131)
(404, 170.60184917668633, 5.097162591015049e-132)
(405, 172.32419330782974, 4.9243686612297535e-132)
(406, 172.78754231909585, 9.807043390853755e-132)
(407, 173.89711761396856, 5.918680283234617e-132)
(408, 174.43297891631283, 1.498900691894581e-132)
(409, 175.12219730176594, 1.5782548056697062e-132)
(410, 175.19399929317814, 4.7360275189122304e-133)
(411, 175.2149900685361, 6.023904735731917e-134)
(412, 175.38518154604284, 1.5147823621211971e-134)
(413, 178.3147914846792, 8.026096437140083e-135)
(414, 178.32253094657267, 1.007172342098427e-134)
(415, 178.4036964618565, 5.366570806291355e-135)
(416, 178.61970031271267, 4.994123901548616e-136)
(417, 179.20577183488766, 1.5615493610256077e-135)
(418, 179.22882435697002, 2.7144891888706958e-135)
(419, 179.47630891242738, 2.0630422361731487e-135)
(420, 179.48090749293513, 3.8642899990426135e-135)
(421, 179.4919544971656, 1.8222797094903358e-135)
(422, 180.09121025807065, 5.570125672149171e-135)
(423, 180.68630554755393, 7.091158481738355e-136)
(424, 180.9622977672504, 2.1039069097696266e-136)
(425, 181.23915318265293, 2.7485836976056763e-136)
(426, 181.3422805783034, 6.56229798511899e-136)
(427, 182.3621342694362, 1.2788756934841527e-136)
(428, 183.72023243407963, 2.2320548707289584e-137)
(429, 184.00248997984392, 6.481010278004598e-137)
(430, 184.19509972304706, 2.8812684144373227e-137)
(431, 184.61741269849938, 3.1016672769449197e-137)
(432, 185.30370981887884, 2.046707155470749e-139)
(433, 186.09474322408911, 1.4670020663763273e-139)
(434, 187.09632816190043, 1.1936108341690967e-140)
(435, 187.11426896328547, 2.3098487988943927e-141)
(436, 187.34483840553776, 1.0018014890749913e-140)
(437, 188.6114689783698, 1.5657294372489704e-141)
(438, 189.11731116841102, 9.813588745007909e-142)
(439, 189.21223808738094, 6.065173628630473e-142)
(440, 190.46846989114565, 2.578728735256404e-144)
(441, 190.59085275952543, 4.662182530492665e-144)
(442, 190.67085962675162, 9.686880762138398e-144)
(443, 191.91723949437835, 1.7050504026775554e-143)
(444, 192.36470411353852, 1.7481214204104e-143)
(445, 192.79547853668322, 2.3612189067649802e-144)
(446, 193.08126575109497, 1.4487134222798994e-144)
(447, 193.38197738219682, 1.239629970035413e-144)
(448, 193.5748259460535, 1.2066800077025857e-144)
(449, 194.86892407532704, 2.3160819572019583e-144)
(450, 194.93806651078398, 2.6004019346151424e-144)
(451, 195.13016150191788, 2.0745405628262472e-144)
(452, 196.33528127616097, 1.1157000548295555e-144)
(453, 196.5225907152792, 4.203230880903537e-146)
(454, 196.6582743477218, 1.9626287221549072e-145)
(455, 196.93694184145863, 3.9633332705363533e-146)
(456, 197.13512433221032, 1.1641343574239734e-147)
(457, 198.21553660890407, 6.60406242673474e-148)
(458, 201.1742981130041, 4.898225979181244e-149)
(459, 201.55873706148296, 4.3119010540499115e-151)
(460, 202.33524417151187, 3.6575701895046505e-152)
(461, 202.44640138108664, 4.522631365593209e-152)
(462, 204.50211202028976, 1.8755347253144088e-152)
(463, 204.98926412963388, 5.0429551556923255e-152)
(464, 205.28786445204037, 4.5813976573340594e-153)
(465, 205.48810837771475, 8.135480518548006e-153)
(466, 206.3062783752876, 1.5118735917484664e-152)
(467, 206.8727915651516, 6.687745301841036e-153)
(468, 207.33036438247993, 5.253435060325728e-154)
(469, 207.51775080992277, 2.7021355920409987e-154)
(470, 207.6447308795166, 1.3440085299995095e-153)
(471, 208.11331751984855, 5.040576119670906e-153)
(472, 208.1266700306432, 2.185114486683356e-153)
(473, 208.3459874425485, 5.564242827934735e-154)
(474, 208.71824947015767, 7.790558001651664e-155)
(475, 208.98849879544102, 3.0062110731418807e-155)
(476, 209.10622761339417, 2.9956887845709546e-156)
(477, 209.465039813161, 1.6217070146892757e-156)
(478, 209.5066609989895, 3.780676399357772e-158)
(479, 212.24753338059858, 1.5036732868303806e-158)
(480, 212.76802105820946, 1.9704138137059645e-158)
(481, 213.99631281197512, 1.2237717659364927e-158)
(482, 214.60683174760496, 2.0669284200703487e-159)
(483, 214.72559745972052, 2.4017984072665825e-159)
(484, 215.4418954408693, 6.745477000598331e-159)
(485, 215.87213880178302, 3.242017625012374e-159)
(486, 216.0141456873764, 4.6053033082141854e-160)
(487, 216.2263395426581, 9.820154946038378e-160)
(488, 216.7660936506435, 1.319002850120571e-159)
(489, 216.85000727257702, 2.2639879677942223e-159)
(490, 216.89869878942446, 1.3526965267499686e-159)
(491, 217.7818993074024, 8.091391416314687e-161)
(492, 218.14024429246138, 5.291094298468071e-161)
(493, 219.28485682635056, 1.7679841398080495e-161)
(494, 219.80659419786178, 4.1447785193290893e-162)
(495, 220.35584092383328, 3.65004722738375e-162)
(496, 220.46990192114498, 8.145748824851287e-163)
(497, 220.91257431622878, 5.387881192300244e-163)
(498, 221.11061685113708, 1.3686681630380935e-162)
(499, 221.9102524142891, 1.0349709376853596e-162)
(500, 222.56178627231333, 4.466564998184583e-163)
(501, 222.56772298979828, 2.5466138570766337e-163)
(502, 222.9799455158217, 8.91245586950192e-163)
(503, 223.28608834159283, 6.885452414759414e-163)
(504, 223.5911148796545, 1.2775934471337806e-163)
(505, 223.68597785431805, 1.108997534389394e-165)
(506, 223.69592168536076, 3.524500507847455e-166)
(507, 223.758828864391, 2.5614212756277637e-166)
(508, 223.93988263404884, 4.230168789348222e-167)
(509, 224.01627842670308, 9.671298572971317e-168)
(510, 225.12337795283858, 8.240651295849027e-169)
(511, 225.51613150734494, 2.822811691872457e-169)
(512, 226.0546829908106, 1.256847038452405e-169)
(513, 226.2519037194958, 2.2200073135702357e-170)
(514, 226.77096673488902, 2.6596151287953783e-170)
(515, 226.94277546275734, 6.043399829960552e-171)
(516, 227.7325226880245, 5.166792719076789e-171)
(517, 227.96733463976668, 1.1264309440339755e-171)
(518, 228.37831521128618, 1.9279215024216095e-171)
(519, 228.40153184278293, 2.349227358241668e-171)
(520, 228.44091202198402, 7.683475616601075e-172)
(521, 228.63016646003797, 7.963849482550671e-172)
(522, 229.87227206957428, 2.292995261818607e-171)
(523, 231.41804933681263, 2.5907799522854016e-171)
(524, 231.43392360367324, 2.846561475248261e-171)
(525, 232.40838917081646, 2.1789945714711196e-171)
(526, 234.59570606822342, 4.7854237919672543e-172)
(527, 234.92016415137937, 3.78175448766567e-172)
(528, 235.32637791088308, 3.352485709131117e-172)
(529, 235.3388671422321, 1.9708818086503164e-172)
(530, 235.55458753690922, 7.527428024226729e-173)
(531, 235.87764899912608, 2.2235831105820615e-174)
(532, 238.14798440788488, 1.1709049828673182e-174)
(533, 239.5145228063326, 5.129175267387226e-176)
(534, 239.77495894767398, 5.5024758678580025e-176)
(535, 239.86502704894104, 5.326227944874877e-177)
(536, 240.72222507429402, 4.6144186844804005e-177)
(537, 241.51994599872768, 1.6024897295106344e-176)
(538, 241.75621711049232, 9.112212157347815e-177)
(539, 242.09127884005738, 1.2762562135759614e-176)
(540, 243.36892986273955, 1.69751012431284e-176)
(541, 243.91133971580763, 1.2739547409480216e-176)
(542, 244.1898906507366, 6.391937251758724e-177)
(543, 244.30749477902563, 9.529997724782263e-177)
(544, 244.65681466532232, 3.989033527374179e-177)
(545, 245.07475476207418, 3.676542043622427e-177)
(546, 245.34956314344714, 5.47757314975228e-178)
(547, 245.4823517149884, 1.168518505309161e-178)
(548, 245.62934802615877, 6.32636482459157e-179)
(549, 245.74723735420258, 2.8685624369695184e-179)
(550, 246.10905913434877, 2.5908733180691474e-179)
(551, 246.95030225198119, 2.397894005217877e-179)
(552, 247.19231448072838, 3.789573620946194e-179)
(553, 247.610179949968, 3.8624400278310075e-179)
(554, 247.8610480658135, 1.1924587069996095e-179)
(555, 247.95835570357335, 4.0817256098013465e-181)
(556, 248.12410169453838, 3.908198857058332e-182)
(557, 248.46202544854805, 4.076481680215334e-182)
(558, 248.6995242980868, 4.9114344973942706e-182)
(559, 250.1962623781033, 1.6493479029369154e-182)
(560, 250.463523956072, 3.7745271502580525e-182)
(561, 251.08896854322367, 5.1909327940025536e-182)
(562, 252.08514472526468, 7.058318436565891e-182)
(563, 252.182989971881, 1.8788753702436347e-182)
(564, 252.18769187107816, 1.3862894502756538e-182)
(565, 252.42237184363896, 2.051765059460036e-183)
(566, 252.61044828877684, 2.222560888895072e-183)
(567, 253.30533886546633, 1.1250797726588956e-183)
(568, 254.4358093049445, 1.2608453974924735e-184)
(569, 255.22218510119322, 8.193066354853848e-185)
(570, 255.2888522178126, 2.644616485840841e-185)
(571, 255.29425015275115, 1.0761945934443858e-185)
(572, 255.45340719593534, 1.461492264753981e-185)
(573, 255.79670565725877, 1.4848605432078593e-185)
(574, 256.06486702208116, 1.0664135463508641e-185)
(575, 256.2348771332414, 6.486271682813143e-186)
(576, 256.2353935590467, 5.63824932680542e-186)
(577, 257.1068225428652, 4.1524881971755325e-186)
(578, 257.41091342472305, 9.150369552373323e-187)
(579, 258.93089641713453, 1.0958789637005286e-187)
(580, 259.00061630165015, 3.7404030937778036e-187)
(581, 259.35866012282474, 1.6427919324001445e-186)
(582, 259.772991549909, 9.958500542314333e-187)
(583, 260.3066745589144, 5.480134304750425e-187)
(584, 260.67852781830214, 2.4778526780585987e-187)
(585, 261.7585671081124, 6.746996949190727e-187)
(586, 261.95218836176116, 4.0915474784121945e-187)
(587, 262.1281659865238, 1.8965541637446846e-186)
(588, 262.14102687359434, 9.341424029232518e-187)
(589, 262.3908443667694, 1.3165348362397578e-186)
(590, 262.70573005737225, 2.2554275407130267e-186)
(591, 263.33018252742994, 2.852717934896512e-186)
(592, 263.89555321634487, 7.309471217367544e-187)
(593, 264.1130941096764, 1.0863964923522482e-186)
(594, 264.2414405835128, 3.591993504167079e-187)
(595, 264.9730058487279, 2.2264159041805687e-187)
(596, 264.9923206233907, 2.289033594027926e-187)
(597, 265.4858190578517, 4.647128623901559e-188)
(598, 266.2882693082736, 4.1213610057881955e-188)
(599, 267.2905566582832, 3.7515873285762626e-189)
(600, 267.8621552333504, 6.668558349280556e-189)
(601, 268.2830070605081, 1.1013859490441981e-188)
(602, 268.3567355085782, 6.037579794665601e-190)
(603, 268.51230962413854, 7.445424928187822e-190)
(604, 269.1272228377128, 5.921130893679179e-190)
(605, 269.87528484620873, 8.136294018934551e-190)
(606, 270.8073675048556, 3.6852506383092446e-189)
(607, 270.81733217657614, 1.2522196712116578e-189)
(608, 270.8904899844992, 1.6191538820773003e-189)
(609, 271.71638560878523, 6.890410271486912e-190)
(610, 271.8899530944537, 1.7797655255547056e-190)
(611, 271.91470719982976, 8.883591434342674e-190)
(612, 273.85145364296676, 5.019147242406429e-190)
(613, 274.6530999760748, 5.062633140825585e-190)
(614, 275.7431052925213, 4.3001624485161153e-190)
(615, 276.55513988479356, 1.80560972684927e-190)
(616, 277.4669978244171, 7.503674716010272e-191)
(617, 277.73128645256713, 1.898994878559974e-191)
(618, 277.84671982476397, 1.2397567184742718e-191)
(619, 277.9623680130089, 5.0819928409764295e-193)
(620, 278.04413542315746, 5.050943883941036e-193)
(621, 279.2121977215869, 1.7052057658771465e-194)
(622, 279.2306121855658, 3.695102264383241e-195)
(623, 279.2886061144238, 1.240907160731418e-195)
(624, 280.02357696607953, 4.653081382730927e-195)
(625, 280.0573560087316, 7.665370179515405e-195)
(626, 280.3488104787481, 1.4372662298009623e-194)
(627, 280.48043786230227, 9.390276121748363e-195)
(628, 280.57156406530595, 1.0332980625961838e-195)
(629, 280.7699209800981, 5.395586212498287e-196)
(630, 281.012228306789, 1.6355495179682912e-195)
(631, 281.5926015484618, 5.410075941059657e-196)
(632, 281.71719253466483, 9.15696898792783e-196)
(633, 282.57635415702043, 3.478753522538306e-195)
(634, 282.67097706618637, 1.1640853556671829e-195)
(635, 282.7335307323112, 1.080076587352773e-195)
(636, 283.48937672188157, 2.515975564643116e-195)
(637, 284.0848835568633, 3.472324472619999e-195)
(638, 284.7365288423138, 5.062667586494799e-196)
(639, 285.242266038349, 9.12351657119448e-196)
(640, 285.3150596355618, 7.5734384257559265e-196)
(641, 285.3665554353681, 1.2874859957158333e-195)
(642, 286.05955494808177, 1.7169555050525487e-196)
(643, 286.17768445708674, 2.6780724655034713e-196)
(644, 286.2599182317218, 2.518044703416578e-196)
(645, 286.6276091522145, 2.079582646669436e-196)
(646, 288.5440119678249, 2.5379758773339013e-196)
(647, 288.57426128203, 3.690071202914197e-196)
(648, 288.99388023821854, 9.294960683734705e-196)
(649, 289.26228561084105, 1.8901500174340567e-195)
(650, 290.93612766795434, 1.5772682281310612e-195)
(651, 291.2441275272011, 4.815503301860749e-197)
(652, 291.6796878746966, 1.3441460824300237e-197)
(653, 291.9056585569321, 3.0220657792004565e-197)
(654, 292.36922962986426, 1.3169057497736342e-197)
(655, 292.7885272259512, 4.543402239833748e-197)
(656, 295.15670468005493, 2.5527886319114104e-197)
(657, 296.981857009648, 1.0163666083531502e-198)
(658, 298.3641936384319, 1.5844042903222676e-199)
(659, 299.16568418876017, 1.6653006503156849e-199)
(660, 299.5363735814409, 8.174599712375254e-201)
(661, 299.8433935049359, 2.2361926500850608e-200)
(662, 300.2021255148586, 2.8434657617541815e-200)
(663, 300.3730353047131, 1.675303759375569e-201)
(664, 300.8113823152079, 2.537762562241743e-201)
(665, 300.81482891922496, 1.1340547061206898e-200)
(666, 301.1461936300449, 5.8302243377565536e-201)
(667, 301.30867687474836, 2.4982840969155834e-201)
(668, 301.5197640606063, 1.221885433217675e-201)
(669, 301.59208922397573, 8.858151367761668e-202)
(670, 302.0031323286845, 1.3290380420754444e-201)
(671, 302.1350868727761, 2.0623311137114476e-201)
(672, 302.9146668676195, 7.516018860547685e-202)
(673, 303.1604263357563, 3.6440787501261155e-202)
(674, 303.34821420375494, 7.661114601546152e-202)
(675, 303.6332608322508, 5.059916651530016e-202)
(676, 304.3625511941636, 5.533059096952819e-202)
(677, 304.89907567326037, 1.3963027972064708e-201)
(678, 305.2103403612078, 1.619157002363809e-201)
(679, 305.44834040312605, 4.105027714123612e-201)
(680, 305.4969266253312, 2.252847328707043e-201)
(681, 305.84249133535525, 2.472657590830883e-201)
(682, 305.9122576629878, 7.701515676983724e-202)
(683, 306.15788800249516, 4.4523154222324005e-201)
(684, 306.93374262187524, 8.38253079922046e-201)
(685, 306.96712034618156, 1.435685095094204e-200)
(686, 307.1596936000122, 2.414352728845328e-200)
(687, 307.53438147382167, 1.7418167263098273e-201)
(688, 307.5877158406484, 8.865646489456282e-202)
(689, 307.7972090280536, 9.040822741467911e-204)
(690, 308.6130194513362, 2.767476049783132e-204)
(691, 309.12226508996235, 9.249112186459849e-204)
(692, 310.8263618575961, 7.95452249417266e-204)
(693, 311.1342855852722, 2.7763814699534127e-204)
(694, 311.24964443771154, 2.5682857883344513e-204)
(695, 312.08791079841524, 2.5600105810547164e-205)
(696, 312.1593585801617, 6.22829162748457e-206)
(697, 312.72158994946847, 5.418675485112231e-206)
(698, 313.90566019712105, 9.721732575941308e-206)
(699, 314.90101658536105, 4.4333792114885957e-206)
(700, 316.5268827375213, 2.472921808521023e-206)
(701, 316.6035727335958, 4.442321148953076e-206)
(702, 318.5671842137067, 2.3233798254232027e-206)
(703, 318.8189279470734, 4.2173952241289507e-206)
(704, 319.13994533009065, 4.7391231777914614e-207)
(705, 319.27540186986505, 1.3370629506926602e-206)
(706, 319.3027088098679, 7.749888937610119e-207)
(707, 320.3949266906243, 3.302647991771585e-207)
(708, 320.5853482645993, 3.7303745927303693e-207)
(709, 321.24796613633475, 3.474728638791178e-207)
(710, 322.1683842551945, 8.709646584629024e-208)
(711, 322.4141787408432, 5.6192100926686396e-208)
(712, 322.4218204120293, 3.7580121809229925e-208)
(713, 322.6673487841681, 8.12561978913574e-208)
(714, 322.8558283411781, 6.696804391344332e-208)
(715, 322.9911233196909, 3.8467474933306085e-209)
(716, 323.0656135034498, 1.5617967650266098e-208)
(717, 323.7156990769606, 1.194009275151383e-208)
(718, 325.49340233716015, 5.203769053951983e-209)
(719, 326.9832130276508, 1.8077894775868573e-209)
(720, 327.2304535659068, 5.26962727525461e-211)
(721, 327.54389884240874, 3.061351910478698e-211)
(722, 327.64923937450635, 2.365228138086428e-211)
(723, 327.65199787564114, 7.43009188518048e-212)
(724, 328.1928820975959, 5.437434240363365e-212)
(725, 328.7931368767022, 6.949216501999838e-212)
(726, 328.80743599313644, 8.519512845092677e-212)
(727, 329.60461565752314, 3.929755921805066e-212)
(728, 329.7316670839093, 1.2380198797964784e-211)
(729, 330.71093726329093, 1.7457575953201394e-212)
(730, 331.0227335387819, 1.2443398225851512e-212)
(731, 331.27778106479644, 9.532039523051812e-213)
(732, 331.32680729868923, 8.97485634025803e-213)
(733, 331.48364320637234, 1.5223999162859924e-212)
(734, 333.1652954350078, 1.2901211258137289e-213)
(735, 333.55664704342735, 9.21283257810592e-214)
(736, 334.2629544051301, 1.3803057280110399e-213)
(737, 334.30548845662264, 7.553786100037058e-214)
(738, 334.7652290628644, 1.1476059155946914e-214)
(739, 334.9042745423114, 2.418267540565514e-214)
(740, 335.3738611568547, 4.959318913209465e-214)
(741, 335.84558005343206, 2.8704620339084846e-214)
(742, 335.8848727798268, 5.045456233586393e-214)
(743, 336.2122512744681, 6.725279630277458e-214)
(744, 336.9506195534668, 1.4645044617942988e-213)
(745, 337.6834913208197, 1.7458561710086686e-213)
(746, 337.9530996207377, 6.347021726239731e-214)
(747, 338.1515828306976, 3.2090884445182557e-214)
(748, 338.15729208465524, 1.345371407584746e-215)
(749, 339.59370120945766, 3.1753899149984092e-217)
(750, 341.50854977398933, 7.314255869829843e-217)
(751, 341.52108002912655, 1.2234242443933865e-216)
(752, 341.58712340929594, 6.575048505419877e-217)
(753, 342.0746979408997, 1.296087624008541e-217)
(754, 343.01659019871096, 4.0795336781184945e-218)
(755, 343.04302554132255, 4.582246883724461e-218)
(756, 343.05084811795456, 5.358422915953006e-218)
(757, 343.23504492823326, 3.362000474901275e-218)
(758, 343.95046821842794, 5.0471500552623e-218)
(759, 345.25184874087006, 2.6635019556310046e-218)
(760, 346.1461502959071, 8.77606041164632e-218)
(761, 346.62880575354666, 7.773846086520572e-219)
(762, 346.8177209378622, 5.183321857796435e-219)
(763, 347.00175181332764, 2.7229186185315495e-219)
(764, 347.4754931667836, 4.99273786492008e-219)
(765, 347.78342008163287, 2.0247849382547715e-218)
(766, 348.17601061613453, 2.676805906885832e-218)
(767, 348.6298673983734, 5.867816792519397e-219)
(768, 348.781515669641, 1.4659697666081995e-218)
(769, 348.9942869754931, 1.520232698189564e-219)
(770, 349.3837776369337, 1.4868159647815315e-219)
(771, 349.83066219900957, 2.014379706061711e-219)
(772, 350.52966811763577, 1.5157081082790046e-219)
(773, 351.1377085219155, 3.629236377250618e-219)
(774, 353.2399079160111, 3.659996392359212e-220)
(775, 353.487256610498, 8.319369219830298e-220)
(776, 353.96596817438774, 3.2243218728333325e-221)
(777, 354.3657980473604, 2.496674657631233e-222)
(778, 354.509896958945, 1.2457868547375642e-222)
(779, 355.8231804738869, 9.314586721289988e-224)
(780, 356.54472924629715, 1.211836509211117e-224)
(781, 357.07275615647, 4.725039822745588e-224)
(782, 357.10253230120304, 5.689832749011202e-224)
(783, 358.3751482185671, 1.8410253858240682e-223)
(784, 358.55493138544045, 5.424719100305811e-224)
(785, 358.67756615681543, 2.0754666043558317e-223)
(786, 358.8933415720095, 4.4148958646832304e-223)
(787, 359.9219078623514, 6.3100736455676324e-223)
(788, 360.1011891400025, 1.3112751199299477e-223)
(789, 361.1579725790577, 3.5029426755690613e-224)
(790, 363.0203852281357, 2.8048406052227496e-225)
(791, 363.2131109936781, 9.139307268511119e-226)
(792, 363.5112449459193, 1.8233547477281506e-227)
(793, 363.7782891054202, 2.0560071566597387e-227)
(794, 363.84866072924973, 5.443277423191955e-228)
(795, 364.1742864218164, 1.4796871152486156e-228)
(796, 364.212008565734, 5.6705004917682794e-229)
(797, 364.22429496071146, 2.399561902568214e-229)
(798, 364.5032522940122, 3.2194659359587115e-229)
(799, 365.2878034813525, 2.4331065229346213e-229)
(800, 365.34131996465493, 3.393946626883146e-229)
(801, 365.3446667451266, 1.365562233060997e-228)
(802, 366.42795712470695, 9.107208492556044e-230)
(803, 366.4733840760002, 4.811411077727932e-231)
(804, 366.5752064850917, 1.0724903760735237e-230)
(805, 367.0286587362386, 3.5654615805637693e-231)
(806, 368.2257684698857, 5.12445125282347e-231)
(807, 368.7547415041933, 9.409375452593758e-231)
(808, 368.81763565220996, 5.469578140022745e-231)
(809, 369.2051651604194, 1.2577725969079453e-233)
(810, 369.44917148852795, 1.72229895574239e-234)
(811, 369.5198483611722, 3.899808726606319e-234)
(812, 369.7239838964137, 2.7388560002733908e-235)
(813, 370.13529848280973, 4.833060097784747e-236)
(814, 371.1680494915276, 7.111467507029161e-236)
(815, 371.8234321975841, 2.93093425666865e-236)
(816, 372.21525304494844, 1.9840962855187174e-236)
(817, 372.26567596325555, 3.528073930742472e-236)
(818, 372.94243178026437, 8.045202822650203e-237)
(819, 373.77635360263656, 4.439438348303526e-237)
(820, 373.9531386654795, 1.0793634530072831e-237)
(821, 374.44935773982616, 1.0404877311500257e-237)
(822, 374.94165775728266, 4.748895721110739e-240)
(823, 374.9761873311397, 2.309048286086729e-240)
(824, 375.1789794339883, 9.08571468709554e-241)
(825, 375.348009755221, 5.305449690118796e-241)
(826, 376.14880035899546, 1.2994502844444736e-240)
(827, 378.26663678648526, 1.1138862700270304e-241)
(828, 378.29034545979647, 7.66526983207068e-243)
(829, 378.4126401899401, 6.156380142349447e-243)
(830, 378.66168003003514, 1.502390753560079e-243)
(831, 378.8973420746738, 3.55562810494351e-243)
(832, 379.2570946479135, 6.414071167554393e-243)
(833, 379.45498556041167, 7.834101772152499e-243)
(834, 379.78226162626527, 1.0015825837501395e-242)
(835, 380.2904827937048, 4.1316278835585966e-243)
(836, 381.04953668983137, 5.467238912929428e-243)
(837, 381.2221461580558, 1.904622489625731e-242)
(838, 381.5832638100106, 6.531712521746469e-242)
(839, 381.58418504661734, 3.882696235715233e-242)
(840, 382.3282236885072, 7.373645910397992e-242)
(841, 382.6870673570244, 7.883026105328242e-243)
(842, 383.3627103018693, 2.3451719333602275e-243)
(843, 383.88918126167863, 6.687605752541001e-244)
(844, 384.822978001409, 3.8088329557397075e-244)
(845, 385.46381866529225, 2.4218851067353554e-243)
(846, 385.71268709985054, 1.7285701100466953e-243)
(847, 387.4104865726985, 1.0387019272693489e-243)
(848, 387.5879598125775, 1.307083931941941e-243)
(849, 389.3900969890529, 2.168589172531541e-243)
(850, 389.61087598053814, 1.2261481286484224e-243)
(851, 390.0128153185768, 1.1993275892361e-243)
(852, 390.15877029473995, 6.307062204468475e-244)
(853, 391.0133309592106, 2.216580149910375e-244)
(854, 391.3470822338081, 4.6940666496458284e-244)
(855, 391.5338292683104, 3.722828510217921e-244)
(856, 392.5470920475875, 2.6194187682554557e-245)
(857, 394.788344089323, 2.7930504069660768e-245)
(858, 394.8884221007215, 3.562829181922922e-245)
(859, 396.32670076389746, 3.1625813857483045e-245)
(860, 396.6241842528779, 2.761249351306588e-245)
(861, 396.68056312073173, 1.7742748318710323e-245)
(862, 396.77557081469007, 6.653055468772769e-246)
(863, 397.2186711819566, 9.48189442832029e-246)
(864, 397.32951411822944, 3.6326868383745415e-246)
(865, 397.3875716765849, 5.635442407694244e-246)
(866, 397.82489203002996, 1.924121451969371e-245)
(867, 398.4671020528888, 1.6971609415470743e-245)
(868, 398.6275589809177, 1.405541883183335e-245)
(869, 399.1556353836125, 1.8089332439533943e-245)
(870, 399.5112533253202, 6.266886243190475e-246)
(871, 399.56575595234824, 2.5831784920745125e-246)
(872, 399.8587773345562, 5.485224714386678e-246)
(873, 400.14049492461135, 9.250504734966907e-247)
(874, 400.4799955142307, 2.6787038486075077e-247)
(875, 400.8007186329675, 5.763661054528613e-248)
(876, 401.0473200147884, 6.8906758621962965e-248)
(877, 401.51132968203257, 1.270093469687063e-249)
(878, 401.91746600716675, 3.0341395703647013e-249)
(879, 402.56414909665165, 3.2325563274901504e-249)
(880, 402.6427309391976, 2.2514662020558147e-249)
(881, 402.9975823073539, 1.5214962637399464e-249)
(882, 403.1170237105549, 5.95614091629219e-250)
(883, 403.2523906001952, 1.3092442504842747e-249)
(884, 403.5152797472404, 3.8147236092862024e-250)
(885, 403.6038137285269, 5.561095825339289e-250)
(886, 404.1824331712113, 6.418861689274833e-250)
(887, 404.2218012365735, 5.2236820911269576e-250)
(888, 404.34757180654896, 1.2833399821846003e-250)
(889, 404.61438388674344, 6.904555138269433e-251)
(890, 405.87175119952576, 4.419895182127753e-252)
(891, 405.90122518438386, 3.607267099636794e-252)
(892, 406.3169895368569, 2.611801543299766e-252)
(893, 407.09846374606883, 3.008126018069322e-252)
(894, 408.3530016147448, 1.8928839632988208e-252)
(895, 409.0578429225121, 2.6755854960480883e-252)
(896, 410.0071573899869, 1.3070246765624624e-252)
(897, 410.50321735386206, 8.87355398037956e-254)
(898, 411.91939046048816, 5.58063072060398e-254)
(899, 411.93999133974097, 7.32630554467953e-254)
(900, 412.2820274915622, 9.874216022319492e-254)
(901, 413.30905850272273, 1.2447587257531792e-253)
(902, 413.4491948678418, 1.013264530554105e-254)
(903, 413.5842519451834, 1.579972071373556e-254)
(904, 413.90462301027895, 1.9863461699797068e-254)
(905, 414.05567450033067, 6.4191695916990535e-254)
(906, 414.3774570671845, 2.6122088087643297e-254)
(907, 414.59113736646043, 7.447246096743944e-254)
(908, 414.6621376674165, 6.825324950237874e-254)
(909, 415.14274571125395, 6.226097723430783e-255)
(910, 415.210548599395, 5.2288941358465365e-255)
(911, 415.6464037969021, 3.8579465161780266e-255)
(912, 416.3143792659944, 3.3691686720580605e-256)
(913, 416.55465304582003, 4.401681010370517e-256)
(914, 416.99985360755414, 1.090707469041202e-255)
(915, 417.80382028989675, 1.4805626723932284e-255)
(916, 418.9134392146369, 1.9609779046926925e-255)
(917, 420.2498783380563, 1.344197413698559e-255)
(918, 420.41266894691967, 3.1593475636570513e-255)
(919, 420.529841475009, 7.069152853913811e-255)
(920, 420.7341212648598, 1.287583821168519e-254)
(921, 421.59956752749775, 8.113039906923943e-256)
(922, 421.903289675702, 5.1899857154607585e-256)
(923, 421.9794326554042, 5.377953741658199e-257)
(924, 422.00451112780087, 1.1541530411950722e-256)
(925, 422.73301342738785, 2.747793231325378e-257)
(926, 422.8641271903441, 3.7624296754914e-257)
(927, 422.93698348073735, 1.3234025592210424e-256)
(928, 423.06209193730064, 1.648095736798132e-256)
(929, 423.0777659364699, 2.5353331810005338e-256)
(930, 423.34997479461265, 7.539320303481467e-256)
(931, 423.9786637166095, 1.2729771982244548e-255)
(932, 426.03704847294756, 9.39248159471252e-257)
(933, 426.25346233483475, 1.419270879872762e-256)
(934, 426.40948957713715, 6.004167072873272e-256)
(935, 426.8003264121157, 5.480532672947713e-257)
(936, 426.8811621251397, 2.370153281551942e-257)
(937, 427.26966280296665, 1.9121671189162488e-257)
(938, 429.332727595001, 1.852854114842044e-257)
(939, 429.8972911188765, 1.0293617748460095e-257)
(940, 430.2239061944418, 1.9821759043125556e-257)
(941, 430.37713131130675, 3.072456396008461e-257)
(942, 431.81696706575883, 3.5987361438556205e-258)
(943, 432.1278759243149, 2.1935348427350455e-258)
(944, 432.42831757415433, 1.9805939928420165e-259)
(945, 432.7775803100743, 2.2324713370976644e-259)
(946, 433.98634543661626, 6.840109327490667e-260)
(947, 434.040051748677, 4.3631892727716176e-260)
(948, 435.2535950708209, 4.052308316430356e-260)
(949, 435.7199478586926, 3.3817101409882144e-260)
(950, 436.04191312754716, 3.399443180629379e-260)
(951, 437.3773899980286, 3.070414182607383e-260)
(952, 438.9279656219237, 1.0628864327378538e-260)
(953, 439.45477142750167, 2.769991816165859e-261)
(954, 439.563111335442, 6.108233732129798e-262)
(955, 439.8327688746353, 8.067026167732318e-263)
(956, 440.17950089751315, 2.1225265760630603e-262)
(957, 440.5392745649963, 2.3733479951720215e-264)
(958, 442.06000047012975, 4.385843855054444e-264)
(959, 442.21431716056793, 1.7170913476170658e-264)
(960, 442.3858280156123, 8.692597552137182e-266)
(961, 443.5089802447238, 1.2207501839067227e-267)
(962, 443.87208245846244, 3.2127696276525795e-267)
(963, 444.9413668028014, 6.423769517640689e-268)
(964, 445.01698781350984, 4.476062234852117e-268)
(965, 445.80578847614413, 5.010341188854705e-269)
(966, 446.12986576766275, 1.1227373721460666e-268)
(967, 447.3045296107299, 6.984580612998552e-270)
(968, 447.75272272413804, 1.962279148849683e-270)
(969, 447.77323664348484, 7.625086696188128e-271)
(970, 448.0200875333612, 1.193060729575102e-270)
(971, 448.3998523369595, 1.511097768867694e-271)
(972, 450.0009765080808, 3.094356981147911e-271)
(973, 450.1156942331015, 4.741602965144649e-273)
(974, 450.36142922166545, 2.0514322260296416e-273)
(975, 450.75070927349236, 1.2343963711407235e-273)
(976, 451.4322308022685, 1.708910328802415e-273)
(977, 452.0965302928734, 1.6930526476084423e-273)
(978, 452.22683013611885, 5.284204843114652e-274)
(979, 452.65389716127623, 1.328048858788769e-273)
(980, 452.6575961461989, 6.592103537608408e-274)
(981, 453.04624567692963, 2.3131625372024383e-275)
(982, 453.1961316660643, 1.4417817080689174e-276)
(983, 453.29265070838744, 6.6610393184801275e-276)
(984, 453.70316301590026, 1.0352260388837066e-276)
(985, 454.72513566314024, 1.6245317315390903e-276)
(986, 454.85679336340354, 2.5620451577554924e-276)
(987, 455.88220491638987, 5.798608847821556e-276)
(988, 456.0655698090071, 2.080143327245104e-276)
(989, 457.9266789991175, 6.780617629323724e-277)
(990, 458.41280700034946, 1.2909209257554205e-276)
(991, 458.47130204496466, 7.588541815016859e-278)
(992, 458.70200877267666, 8.365639832740159e-278)
(993, 458.73453741406786, 2.035835778154832e-278)
(994, 459.57738225384435, 9.387020288486824e-279)
(995, 459.6965220041621, 9.90624008447603e-279)
(996, 459.7309211646813, 1.2490486920423413e-279)
(997, 460.2080605702705, 9.050714942556996e-280)
(998, 460.5494100070731, 3.2460043289165246e-279)
(999, 460.65130391327375, 5.047242157075177e-280)
(1000, 460.83191735040936, 8.932246474193361e-280)
Average Actual Arrival Time in secs: 2.169988584448711
Average Actual Service Time in secs: 0.05611798483165023